[
{
	"id": 1,
	"text": "Illustration",
	"num": 1,
	"sub": [
	{
		"id": 2,
		"text": "1011-00-00-00-000.asm",
		"num": 1,
		"path": "/0",
		"order": "0",
		"sub": 
		[
			{
				"id": 3,
				"text": "BODY_AND_WINGS.ASM",
				"num": 1,
				"path": "/0/0",
				"order": "0",
				"sub": 
				[
					{
						"id": 4,
						"text": "BODYASSEMBLY_2017_03_02.ASM",
						"num": 1,
						"path": "/0/0/0",
						"order": "0",
						"sub": 
						[
							{
								"id": 5,
								"text": "SIDEPODS_2017_03_03.PRT",
								"num": 1,
								"path": "/0/0/0/2",
								"order": "2",
								"matrix": "[-1.000000,0.000000,0.000000,0.000000,0.000000,0.000000,1.000000,0.000000,0.000000,1.000000,0.000000,0.000000,0.000476,0.000000,-0.000114,1.000000]"	
							},
							{
								"id": 6,
								"text": "0000000232.PRT",
								"num": 1,
								"path": "/0/0/0/3",
								"order": "3",
								"matrix": "[-1.000000,0.000000,0.000000,0.000000,0.000000,0.000000,1.000000,0.000000,0.000000,1.000000,0.000000,0.000000,0.000476,0.000000,-0.000114,1.000000]"	
							},
							{
								"id": 7,
								"text": "0000000233.PRT",
								"num": 1,
								"path": "/0/0/0/4",
								"order": "4",
								"matrix": "[-1.000000,0.000000,0.000000,0.000000,0.000000,0.000000,1.000000,0.000000,0.000000,1.000000,0.000000,0.000000,0.000476,0.000000,-0.000114,1.000000]"	
							}	
						]	
					},
					{
						"id": 8,
						"text": "1011-09-03-00-000.ASM",
						"num": 1,
						"path": "/0/0/1",
						"order": "1",
						"matrix": "[0.000000,-1.000000,-0.000000,0.000000,0.003785,-0.000000,0.999993,0.000000,-0.999993,-0.000000,0.003785,0.000000,-0.006771,0.000000,0.000963,1.000000]",
						"sub": 
						[
							{
								"id": 9,
								"text": "GP00372.PRT",
								"num": 1,
								"path": "/0/0/1/0",
								"order": "0",
								"matrix": "[1.000000,-0.000000,-0.000000,0.000000,-0.000000,0.000000,-1.000000,0.000000,-0.000000,1.000000,0.000000,0.000000,-0.000000,0.000215,0.000429,1.000000]"	
							},
							{
								"id": 10,
								"text": "GP00372_GLEFT.PRT",
								"num": 1,
								"path": "/0/0/1/1",
								"order": "1",
								"matrix": "[1.000000,-0.000000,-0.000000,0.000000,-0.000000,1.000000,0.000000,0.000000,0.000000,0.000000,1.000000,0.000000,0.006310,-0.000739,-0.000361,1.000000]"	
							},
							{
								"id": 11,
								"text": "GP00372_FRIGHT.PRT",
								"num": 1,
								"path": "/0/0/1/2",
								"order": "2",
								"matrix": "[1.000000,-0.000000,-0.000000,0.000000,-0.000000,1.000000,0.000000,0.000000,0.000000,0.000000,1.000000,0.000000,-0.006310,-0.000739,-0.000361,1.000000]"	
							},
							{
								"id": 12,
								"text": "1011-09-03-04-004.PRT",
								"num": 1,
								"path": "/0/0/1/7",
								"order": "7",
								"matrix": "[1.000000,-0.000000,-0.000000,0.000000,-0.000000,0.983639,-0.180154,0.000000,0.000000,0.180154,0.983639,0.000000,-0.000890,0.000793,-0.000522,1.000000]"	
							},
							{
								"id": 13,
								"text": "1011-09-03-04-004.PRT",
								"num": 1,
								"path": "/0/0/1/8",
								"order": "8",
								"matrix": "[1.000000,-0.000000,-0.000000,0.000000,-0.000000,0.983639,-0.180154,0.000000,0.000000,0.180154,0.983639,0.000000,0.000840,0.000793,-0.000522,1.000000]"	
							}	
						]	
					},
					{
						"id": 14,
						"text": "GP00370.PRT",
						"num": 1,
						"path": "/0/0/2",
						"order": "2",
						"matrix": "[0.000000,1.000000,-0.000000,0.000000,0.183876,-0.000000,0.982949,0.000000,0.982949,-0.000000,-0.183876,0.000000,-0.006334,0.000715,0.001933,1.000000]"	
					},
					{
						"id": 15,
						"text": "GP00370.PRT",
						"num": 1,
						"path": "/0/0/3",
						"order": "3",
						"matrix": "[0.000000,1.000000,-0.000000,0.000000,0.183876,-0.000000,0.982949,0.000000,0.982949,-0.000000,-0.183876,0.000000,-0.005646,0.000715,0.001804,1.000000]"	
					},
					{
						"id": 16,
						"text": "GP00370.PRT",
						"num": 1,
						"path": "/0/0/4",
						"order": "4",
						"matrix": "[-0.000000,1.000000,0.000000,0.000000,-0.183876,0.000000,-0.982949,0.000000,-0.982949,-0.000000,0.183876,0.000000,-0.006317,-0.000715,0.002027,1.000000]"	
					},
					{
						"id": 17,
						"text": "GP00370.PRT",
						"num": 1,
						"path": "/0/0/5",
						"order": "5",
						"matrix": "[-0.000000,1.000000,0.000000,0.000000,-0.183876,0.000000,-0.982949,0.000000,-0.982949,-0.000000,0.183876,0.000000,-0.005628,-0.000715,0.001898,1.000000]"	
					},
					{
						"id": 18,
						"text": "1011-09-03-04-005.PRT",
						"num": 1,
						"path": "/0/0/6",
						"order": "6",
						"matrix": "[-0.000000,1.000000,0.000000,0.000000,0.183876,-0.000000,0.982949,0.000000,0.982949,0.000000,-0.183876,0.000000,-0.006432,0.000840,0.001951,1.000000]"	
					},
					{
						"id": 19,
						"text": "1011-09-03-04-005.PRT",
						"num": 1,
						"path": "/0/0/7",
						"order": "7",
						"matrix": "[-0.000000,-1.000000,-0.000000,0.000000,0.183876,-0.000000,0.982949,0.000000,-0.982949,0.000000,0.183876,0.000000,-0.005548,-0.000840,0.001786,1.000000]"	
					},
					{
						"id": 20,
						"text": "1011-09-04-00-000.ASM",
						"num": 1,
						"path": "/0/0/8",
						"order": "8",
						"matrix": "[0.998392,0.000000,0.056693,0.000000,0.056693,-0.000000,-0.998392,0.000000,-0.000000,1.000000,-0.000000,0.000000,0.028946,-0.000000,0.001016,1.000000]",
						"sub": 
						[
							{
								"id": 21,
								"text": "GP00373_ARIGHT.PRT",
								"num": 1,
								"path": "/0/0/8/0",
								"order": "0",
								"matrix": "[-0.000000,0.000000,-1.000000,0.000000,0.000000,-1.000000,-0.000000,0.000000,-1.000000,0.000000,0.000000,0.000000,0.000625,-0.004176,0.004700,1.000000]"	
							},
							{
								"id": 22,
								"text": "GP00373_BLEFT.PRT",
								"num": 1,
								"path": "/0/0/8/1",
								"order": "1",
								"matrix": "[-0.000000,0.000000,-1.000000,0.000000,0.000000,-1.000000,-0.000000,0.000000,-1.000000,0.000000,0.000000,0.000000,0.000625,-0.004176,-0.004700,1.000000]"	
							},
							{
								"id": 23,
								"text": "GP00373.PRT",
								"num": 1,
								"path": "/0/0/8/2",
								"order": "2",
								"matrix": "[-0.000000,0.000000,-1.000000,0.000000,0.984808,-0.173648,-0.000000,0.000000,-0.173648,-0.984808,0.000000,0.000000,0.000264,-0.002541,0.004375,1.000000]"	
							},
							{
								"id": 24,
								"text": "GP00374.PRT",
								"num": 1,
								"path": "/0/0/8/3",
								"order": "3",
								"matrix": "[-0.000000,0.000000,-1.000000,0.000000,0.999002,0.044677,-0.000000,0.000000,0.044677,-0.999002,-0.000000,0.000000,0.000069,-0.004555,0.004375,1.000000]"	
							},
							{
								"id": 25,
								"text": "1011-09-00-00-001.PRT",
								"num": 1,
								"path": "/0/0/8/38",
								"order": "38",
								"matrix": "[1.000000,0.000000,-0.000000,0.000000,0.000000,-1.000000,-0.000000,0.000000,-0.000000,0.000000,-1.000000,0.000000,-0.000045,-0.002025,-0.004655,1.000000]"	
							},
							{
								"id": 26,
								"text": "1011-09-00-00-001.PRT",
								"num": 1,
								"path": "/0/0/8/39",
								"order": "39",
								"matrix": "[-1.000000,0.000000,0.000000,0.000000,0.000000,-1.000000,-0.000000,0.000000,0.000000,-0.000000,1.000000,0.000000,-0.000043,-0.002025,0.004655,1.000000]"	
							}	
						]	
					},
					{
						"id": 27,
						"text": "1011-09-02-00-000.ASM",
						"num": 1,
						"path": "/0/0/9",
						"order": "9",
						"matrix": "[1.000000,-0.000000,0.000000,0.000000,0.000000,1.000000,-0.000000,0.000000,-0.000000,0.000000,1.000000,0.000000,-0.001571,0.000000,-0.000036,1.000000]",
						"sub": 
						[
							{
								"id": 28,
								"text": "1011-09-02-01-401.PRT",
								"num": 1,
								"path": "/0/0/9/0",
								"order": "0",
								"matrix": "[-0.000000,1.000000,0.000000,0.000000,-0.156434,0.000000,0.987688,0.000000,0.987688,-0.000000,0.156434,0.000000,0.028800,0.000000,0.000632,1.000000]"	
							},
							{
								"id": 29,
								"text": "1011-09-00-00-004FOR_MODEL_.PRT",
								"num": 1,
								"path": "/0/0/9/1",
								"order": "1",
								"matrix": "[-0.999580,-0.028995,0.000000,0.000000,-0.009786,0.337366,-0.941323,0.000000,0.027294,-0.940927,-0.337508,0.000000,0.006747,0.002236,0.004713,1.000000]"	
							},
							{
								"id": 30,
								"text": "1011-09-00-00-004FOR_MODEL_.PRT",
								"num": 1,
								"path": "/0/0/9/2",
								"order": "2",
								"matrix": "[-0.989840,-0.112771,-0.086600,0.000000,0.039850,0.364621,-0.930303,0.000000,0.136487,-0.924302,-0.356422,0.000000,0.000897,0.001907,0.004603,1.000000]"	
							},
							{
								"id": 31,
								"text": "1011-09-02-00-002.PRT",
								"num": 1,
								"path": "/0/0/9/3",
								"order": "3",
								"matrix": "[1.000000,0.000000,-0.000000,0.000000,0.000000,0.000000,1.000000,0.000000,0.000000,-1.000000,0.000000,0.000000,0.030793,0.000000,-0.000038,1.000000]"	
							},
							{
								"id": 32,
								"text": "1011-09-02-00-005.PRT",
								"num": 1,
								"path": "/0/0/9/4",
								"order": "4",
								"matrix": "[-1.000000,-0.000000,0.000000,0.000000,0.000000,0.000000,1.000000,0.000000,-0.000000,1.000000,-0.000000,0.000000,0.030793,-0.002028,-0.000074,1.000000]"	
							},
							{
								"id": 33,
								"text": "1011-09-02-00-003.PRT",
								"num": 1,
								"path": "/0/0/9/5",
								"order": "5",
								"matrix": "[-1.000000,0.000000,0.000000,0.000000,0.000000,0.000000,1.000000,0.000000,0.000000,1.000000,-0.000000,0.000000,0.030793,0.002026,-0.000074,1.000000]"	
							},
							{
								"id": 34,
								"text": "1011-09-02-00-006.PRT",
								"num": 1,
								"path": "/0/0/9/6",
								"order": "6",
								"matrix": "[-1.000000,0.000000,0.000000,0.000000,0.000000,-0.000000,1.000000,0.000000,0.000000,1.000000,0.000000,0.000000,0.030571,-0.003440,-0.000129,1.000000]"	
							},
							{
								"id": 35,
								"text": "1011-09-02-00-004.PRT",
								"num": 1,
								"path": "/0/0/9/7",
								"order": "7",
								"matrix": "[-1.000000,-0.000000,0.000000,0.000000,0.000000,0.000000,1.000000,0.000000,-0.000000,1.000000,-0.000000,0.000000,0.030587,0.003438,-0.000125,1.000000]"	
							},
							{
								"id": 36,
								"text": "1011-09-02-00-001.PRT",
								"num": 1,
								"path": "/0/0/9/8",
								"order": "8",
								"matrix": "[1.000000,0.000000,-0.000000,0.000000,-0.000000,1.000000,0.000000,0.000000,0.000000,-0.000000,1.000000,0.000000,0.000022,0.000000,-0.000068,1.000000]"	
							},
							{
								"id": 37,
								"text": "1011-09-06-00-000.ASM",
								"num": 1,
								"path": "/0/0/9/9",
								"order": "9",
								"matrix": "[0.899989,-0.369783,0.230826,0.000000,0.000000,0.529523,0.848296,0.000000,-0.435913,-0.763456,0.476565,0.000000,0.024625,-0.002319,0.001263,1.000000]",
								"sub": 
								[
									{
										"id": 38,
										"text": "GP00350.PRT",
										"num": 1,
										"path": "/0/0/9/9/0",
										"order": "0",
										"matrix": "[1.000000,0.000000,0.000000,0.000000,0.000000,1.000000,0.000000,0.000000,0.000000,0.000000,1.000000,0.000000,0.000000,0.000000,0.000000,1.000000]"	
									},
									{
										"id": 39,
										"text": "GP00348.PRT",
										"num": 1,
										"path": "/0/0/9/9/1",
										"order": "1",
										"matrix": "[0.818733,-0.000000,0.574174,0.000000,0.574174,-0.000000,-0.818733,0.000000,0.000000,1.000000,-0.000000,0.000000,0.000000,0.001605,0.000000,1.000000]"	
									},
									{
										"id": 40,
										"text": "GP00349.PRT",
										"num": 1,
										"path": "/0/0/9/9/2",
										"order": "2",
										"matrix": "[-0.999974,-0.000000,0.007168,0.000000,-0.007168,0.000000,-0.999974,0.000000,0.000000,-1.000000,0.000000,0.000000,-0.000000,-0.001462,-0.000000,1.000000]"	
									}	
								]	
							},
							{
								"id": 41,
								"text": "1011-09-06-00-000_1.ASM",
								"num": 1,
								"path": "/0/0/9/10",
								"order": "10",
								"matrix": "[0.356293,0.792626,0.494773,0.000000,0.000000,-0.529523,0.848296,0.000000,0.934374,-0.302242,-0.188665,0.000000,0.024625,0.002328,0.001249,1.000000]",
								"sub": 
								[
									{
										"id": 42,
										"text": "GP00350.PRT",
										"num": 1,
										"path": "/0/0/9/10/0",
										"order": "0",
										"matrix": "[1.000000,0.000000,-0.000000,0.000000,0.000000,1.000000,0.000000,0.000000,0.000000,-0.000000,1.000000,0.000000,0.000000,0.000000,0.000000,1.000000]"	
									},
									{
										"id": 43,
										"text": "GP00348.PRT",
										"num": 1,
										"path": "/0/0/9/10/1",
										"order": "1",
										"matrix": "[0.818733,-0.000000,0.574174,0.000000,0.574174,0.000000,-0.818733,0.000000,0.000000,1.000000,0.000000,0.000000,0.000000,0.001605,0.000000,1.000000]"	
									},
									{
										"id": 44,
										"text": "GP00349.PRT",
										"num": 1,
										"path": "/0/0/9/10/2",
										"order": "2",
										"matrix": "[-0.999974,0.000000,0.007168,0.000000,-0.007168,-0.000000,-0.999974,0.000000,-0.000000,-1.000000,0.000000,0.000000,-0.000000,-0.001462,0.000000,1.000000]"	
									}	
								]	
							},
							{
								"id": 45,
								"text": "1011-06-02-00-004.PRT",
								"num": 1,
								"path": "/0/0/9/11",
								"order": "11",
								"matrix": "[-0.998135,0.061049,0.000000,0.000000,0.000000,-0.000000,1.000000,0.000000,0.061049,0.998135,-0.000000,0.000000,0.017621,0.003365,0.000007,1.000000]"	
							},
							{
								"id": 46,
								"text": "1011-06-08-00-005.PRT",
								"num": 1,
								"path": "/0/0/9/12",
								"order": "12",
								"matrix": "[-1.000000,-0.000000,0.000000,0.000000,0.000000,0.000000,1.000000,0.000000,-0.000000,1.000000,-0.000000,0.000000,0.017620,-0.003600,0.000442,1.000000]"	
							},
							{
								"id": 47,
								"text": "GP00287150_MM_DIAMETER.PRT",
								"num": 1,
								"path": "/0/0/9/13",
								"order": "13",
								"matrix": "[0.000000,0.000000,1.000000,0.000000,0.000000,-1.000000,0.000000,0.000000,1.000000,0.000000,-0.000000,0.000000,0.017620,-0.003051,0.000434,1.000000]"	
							},
							{
								"id": 48,
								"text": "1011-06-05-00-001.PRT",
								"num": 1,
								"path": "/0/0/9/14",
								"order": "14",
								"matrix": "[0.998135,0.061049,-0.000000,0.000000,0.000000,-0.000000,1.000000,0.000000,0.061049,-0.998135,-0.000000,0.000000,0.016262,-0.004664,-0.000008,1.000000]"	
							},
							{
								"id": 49,
								"text": "KFL_M6-100.PRT",
								"num": 1,
								"path": "/0/0/9/29",
								"order": "29",
								"matrix": "[0.508265,-0.277670,0.815209,0.000000,-0.860768,-0.193794,0.470661,0.000000,0.027294,-0.940927,-0.337508,0.000000,0.006748,0.002216,0.004705,1.000000]"	
							},
							{
								"id": 50,
								"text": "KFL_M6-100.PRT",
								"num": 1,
								"path": "/0/0/9/30",
								"order": "30",
								"matrix": "[0.460409,-0.259385,0.848966,0.000000,-0.877152,-0.279973,0.390154,0.000000,0.136487,-0.924302,-0.356422,0.000000,0.000900,0.001887,0.004595,1.000000]"	
							},
							{
								"id": 51,
								"text": "KFL_M6-100.PRT",
								"num": 1,
								"path": "/0/0/9/42",
								"order": "42",
								"matrix": "[0.529431,-0.372156,-0.762366,0.000000,-0.837301,-0.084648,-0.540149,0.000000,0.136487,0.924302,-0.356422,0.000000,0.000900,-0.001887,0.004595,1.000000]"	
							},
							{
								"id": 52,
								"text": "KFL_M6-100.PRT",
								"num": 1,
								"path": "/0/0/9/45",
								"order": "45",
								"matrix": "[0.491315,-0.306665,-0.815209,0.000000,-0.870554,-0.143572,-0.470661,0.000000,0.027294,0.940927,-0.337508,0.000000,0.006748,-0.002216,0.004705,1.000000]"	
							},
							{
								"id": 53,
								"text": "KFL_M6-100.PRT",
								"num": 1,
								"path": "/0/0/9/48",
								"order": "48",
								"matrix": "[-0.618542,0.773138,0.140224,0.000000,0.748198,0.634036,-0.195443,0.000000,-0.240011,-0.015975,-0.970639,0.000000,0.024743,-0.002390,0.003188,1.000000]"	
							},
							{
								"id": 54,
								"text": "KFL_M6-100.PRT",
								"num": 1,
								"path": "/0/0/9/51",
								"order": "51",
								"matrix": "[-0.587740,0.803061,0.098258,0.000000,0.790163,0.595859,-0.143508,0.000000,-0.173794,-0.006705,-0.984759,0.000000,0.021207,-0.002990,0.003956,1.000000]"	
							},
							{
								"id": 55,
								"text": "KFL_M6-100.PRT",
								"num": 1,
								"path": "/0/0/9/54",
								"order": "54",
								"matrix": "[-0.552366,0.832403,0.044690,0.000000,0.829350,0.554166,-0.071261,0.000000,-0.084084,-0.002298,-0.996456,0.000000,0.017629,-0.003220,0.004426,1.000000]"	
							},
							{
								"id": 56,
								"text": "KFL_M6-100.PRT",
								"num": 1,
								"path": "/0/0/9/57",
								"order": "57",
								"matrix": "[-0.441472,0.896258,0.042720,0.000000,0.893327,0.443492,-0.072674,0.000000,-0.084081,0.006080,-0.996440,0.000000,0.017631,0.003220,0.004438,1.000000]"	
							},
							{
								"id": 57,
								"text": "KFL_M6-100.PRT",
								"num": 1,
								"path": "/0/0/9/60",
								"order": "60",
								"matrix": "[-0.389834,0.917526,0.078584,0.000000,0.904338,0.397537,-0.155361,0.000000,-0.173788,0.010501,-0.984727,0.000000,0.021209,0.002990,0.003967,1.000000]"	
							},
							{
								"id": 58,
								"text": "KFL_M6-100.PRT",
								"num": 1,
								"path": "/0/0/9/63",
								"order": "63",
								"matrix": "[-0.338548,0.935540,0.100747,0.000000,0.909731,0.352785,-0.218936,0.000000,-0.240366,0.017532,-0.970524,0.000000,0.024744,0.002390,0.003197,1.000000]"	
							},
							{
								"id": 59,
								"text": "KFL_M6-100.PRT",
								"num": 1,
								"path": "/0/0/9/66",
								"order": "66",
								"matrix": "[0.863933,0.341009,0.370584,0.000000,0.498376,-0.473135,-0.726474,0.000000,-0.072398,0.812315,-0.578708,0.000000,0.017166,-0.001793,0.006494,1.000000]"	
							},
							{
								"id": 60,
								"text": "KFL_M6-100.PRT",
								"num": 1,
								"path": "/0/0/9/69",
								"order": "69",
								"matrix": "[-0.864018,-0.243668,0.440565,0.000000,-0.498820,0.532847,-0.683558,0.000000,-0.068193,-0.810370,-0.581937,0.000000,0.017167,0.001786,0.006501,1.000000]"	
							},
							{
								"id": 61,
								"text": "KFL_M6-100.PRT",
								"num": 1,
								"path": "/0/0/9/72",
								"order": "72",
								"matrix": "[1.000000,0.000000,-0.000000,0.000000,-0.000000,1.000000,0.000000,0.000000,0.000000,-0.000000,1.000000,0.000000,0.024162,-0.002400,0.000012,1.000000]"	
							},
							{
								"id": 62,
								"text": "KFL_M6-100.PRT",
								"num": 1,
								"path": "/0/0/9/75",
								"order": "75",
								"matrix": "[-1.000000,0.000000,0.000000,0.000000,0.000000,-1.000000,0.000000,0.000000,0.000000,0.000000,1.000000,0.000000,0.024162,0.002400,0.000012,1.000000]"	
							},
							{
								"id": 63,
								"text": "KFL_M6-100.PRT",
								"num": 1,
								"path": "/0/0/9/78",
								"order": "78",
								"matrix": "[1.000000,-0.000000,-0.000000,0.000000,-0.000000,-1.000000,-0.000000,0.000000,-0.000000,0.000000,-1.000000,0.000000,0.024162,0.004900,-0.000028,1.000000]"	
							},
							{
								"id": 64,
								"text": "KFL_M6-100.PRT",
								"num": 1,
								"path": "/0/0/9/81",
								"order": "81",
								"matrix": "[-1.000000,-0.000000,0.000000,0.000000,-0.000000,1.000000,0.000000,0.000000,-0.000000,0.000000,-1.000000,0.000000,0.024162,-0.004900,-0.000028,1.000000]"	
							},
							{
								"id": 65,
								"text": "KFL_M6-100.PRT",
								"num": 1,
								"path": "/0/0/9/84",
								"order": "84",
								"matrix": "[-0.316930,-0.948449,0.000000,0.000000,-0.948449,0.316930,0.000000,0.000000,-0.000000,0.000000,-1.000000,0.000000,0.023761,0.003889,-0.000028,1.000000]"	
							},
							{
								"id": 66,
								"text": "KFL_M6-100.PRT",
								"num": 1,
								"path": "/0/0/9/87",
								"order": "87",
								"matrix": "[-0.394523,-0.918886,0.000000,0.000000,-0.918886,0.394523,0.000000,0.000000,-0.000000,0.000000,-1.000000,0.000000,0.020969,0.004986,-0.000028,1.000000]"	
							},
							{
								"id": 67,
								"text": "KFL_M6-100.PRT",
								"num": 1,
								"path": "/0/0/9/90",
								"order": "90",
								"matrix": "[-0.228021,-0.973656,0.000000,0.000000,-0.973656,0.228021,0.000000,0.000000,-0.000000,0.000000,-1.000000,0.000000,0.018155,0.006025,-0.000028,1.000000]"	
							},
							{
								"id": 68,
								"text": "KFL_M4-070.PRT",
								"num": 1,
								"path": "/0/0/9/100",
								"order": "100",
								"matrix": "[-0.008959,-0.075670,0.997093,0.000000,0.993064,-0.117573,0.000000,0.000000,0.117231,0.990177,0.076199,0.000000,0.000865,-0.001910,0.001472,1.000000]"	
							},
							{
								"id": 69,
								"text": "KFL_M4-070.PRT",
								"num": 1,
								"path": "/0/0/9/103",
								"order": "103",
								"matrix": "[0.016572,0.230929,-0.972829,0.000000,-0.997435,0.071577,-0.000000,0.000000,0.069632,0.970334,0.231523,0.000000,0.006635,-0.002424,0.001472,1.000000]"	
							}	
						]	
					},
					{
						"id": 70,
						"text": "1011-09-02-00-008.PRT",
						"num": 1,
						"path": "/0/0/10",
						"order": "10",
						"matrix": "[1.000000,-0.000000,-0.000000,0.000000,-0.000000,-1.000000,-0.000000,0.000000,-0.000000,0.000000,-1.000000,0.000000,0.013253,-0.000000,-0.000104,1.000000]"	
					},
					{
						"id": 71,
						"text": "1011-09-01-01-006.PRT",
						"num": 1,
						"path": "/0/0/11",
						"order": "11",
						"matrix": "[-0.061049,-0.998135,0.000000,0.000000,-0.705788,0.043168,0.707107,0.000000,-0.705788,0.043168,-0.707107,0.000000,0.014288,0.004174,0.002395,1.000000]"	
					},
					{
						"id": 72,
						"text": "1011-09-01-01-007.PRT",
						"num": 1,
						"path": "/0/0/12",
						"order": "12",
						"matrix": "[0.061049,-0.998135,0.000000,0.000000,-0.641589,-0.039241,0.766044,0.000000,-0.764616,-0.046766,-0.642788,0.000000,0.013750,-0.004046,0.002380,1.000000]"	
					},
					{
						"id": 73,
						"text": "1011-01-00-05-000.ASM",
						"num": 1,
						"path": "/0/0/13",
						"order": "13",
						"matrix": "[-0.049514,0.371320,-0.927184,0.000000,-0.122552,0.919049,0.374607,0.000000,0.991226,0.132177,0.000000,0.000000,0.006789,0.002264,0.004642,1.000000]",
						"sub": 
						[
							{
								"id": 74,
								"text": "GP00327_D.PRT",
								"num": 1,
								"path": "/0/0/13/0",
								"order": "0",
								"matrix": "[1.000000,0.000000,0.000000,0.000000,-0.000000,1.000000,0.000000,0.000000,-0.000000,0.000000,1.000000,0.000000,0.000000,0.000000,0.000000,1.000000]"	
							},
							{
								"id": 75,
								"text": "GP00327_C.PRT",
								"num": 1,
								"path": "/0/0/13/1",
								"order": "1",
								"matrix": "[0.895646,-0.000000,0.444768,0.000000,0.000000,-1.000000,-0.000000,0.000000,0.444768,0.000000,-0.895646,0.000000,0.000000,-0.000120,0.000000,1.000000]"	
							},
							{
								"id": 76,
								"text": "GP00327_B.PRT",
								"num": 1,
								"path": "/0/0/13/2",
								"order": "2",
								"matrix": "[1.000000,0.000000,0.000000,0.000000,-0.000000,1.000000,0.000000,0.000000,-0.000000,0.000000,1.000000,0.000000,0.000000,-0.000120,0.000000,1.000000]"	
							},
							{
								"id": 77,
								"text": "GP00327_A.PRT",
								"num": 1,
								"path": "/0/0/13/3",
								"order": "3",
								"matrix": "[1.000000,0.000000,0.000000,0.000000,-0.000000,1.000000,0.000000,0.000000,-0.000000,0.000000,1.000000,0.000000,0.000000,-0.000085,0.000000,1.000000]"	
							},
							{
								"id": 78,
								"text": "GP00327.PRT",
								"num": 1,
								"path": "/0/0/13/4",
								"order": "4",
								"matrix": "[0.368915,0.913098,0.173648,0.000000,0.065050,0.161004,-0.984808,0.000000,-0.927184,0.374607,-0.000000,0.000000,-0.000648,0.001284,0.000149,1.000000]"	
							}	
						]	
					},
					{
						"id": 79,
						"text": "1011-01-00-06-000.ASM",
						"num": 1,
						"path": "/0/0/14",
						"order": "14",
						"matrix": "[-0.049514,-0.371320,-0.927184,0.000000,-0.122552,-0.919049,0.374607,0.000000,-0.991226,0.132177,-0.000000,0.000000,0.006789,-0.002264,0.004642,1.000000]",
						"sub": 
						[
							{
								"id": 80,
								"text": "GP00326_D.PRT",
								"num": 1,
								"path": "/0/0/14/0",
								"order": "0",
								"matrix": "[1.000000,0.000000,-0.000000,0.000000,-0.000000,1.000000,-0.000000,0.000000,-0.000000,-0.000000,1.000000,0.000000,0.000000,0.000000,0.000000,1.000000]"	
							},
							{
								"id": 81,
								"text": "GP00326_C.PRT",
								"num": 1,
								"path": "/0/0/14/1",
								"order": "1",
								"matrix": "[0.895646,-0.000000,0.444768,0.000000,0.000000,-1.000000,0.000000,0.000000,0.444768,0.000000,-0.895646,0.000000,0.000000,-0.000120,0.000000,1.000000]"	
							},
							{
								"id": 82,
								"text": "GP00326_B.PRT",
								"num": 1,
								"path": "/0/0/14/2",
								"order": "2",
								"matrix": "[1.000000,0.000000,-0.000000,0.000000,-0.000000,1.000000,-0.000000,0.000000,-0.000000,-0.000000,1.000000,0.000000,0.000000,-0.000120,0.000000,1.000000]"	
							},
							{
								"id": 83,
								"text": "GP00326_A.PRT",
								"num": 1,
								"path": "/0/0/14/3",
								"order": "3",
								"matrix": "[1.000000,0.000000,-0.000000,0.000000,-0.000000,1.000000,-0.000000,0.000000,-0.000000,-0.000000,1.000000,0.000000,-0.000000,-0.000085,0.000000,1.000000]"	
							},
							{
								"id": 84,
								"text": "GP00326.PRT",
								"num": 1,
								"path": "/0/0/14/4",
								"order": "4",
								"matrix": "[0.368915,0.913098,-0.173648,0.000000,0.065050,0.161004,0.984808,0.000000,0.927184,-0.374607,-0.000000,0.000000,-0.000648,0.001284,-0.000149,1.000000]"	
							}	
						]	
					},
					{
						"id": 85,
						"text": "CAMERA",
						"num": 1,
						"path": "/0/0/15",
						"order": "15",
						"sub": 
						[
							{
								"id": 86,
								"text": "1011-01-00-02-400.ASM",
								"num": 1,
								"path": "/0/0/15/0",
								"order": "0",
								"matrix": "[0.995216,0.000000,0.097702,0.000000,-0.097702,-0.000000,0.995216,0.000000,0.000000,-1.000000,-0.000000,0.000000,0.015489,0.001560,0.007960,1.000000]",
								"sub": 
								[
									{
										"id": 87,
										"text": "1011-01-00-02-401.PRT",
										"num": 1,
										"path": "/0/0/15/0/0",
										"order": "0",
										"matrix": "[1.000000,0.000000,-0.000000,0.000000,0.000000,1.000000,0.000000,0.000000,-0.000000,0.000000,1.000000,0.000000,0.000000,0.000000,0.000000,1.000000]"	
									},
									{
										"id": 88,
										"text": "1011-01-00-02-402.PRT",
										"num": 1,
										"path": "/0/0/15/0/1",
										"order": "1",
										"matrix": "[0.000000,-0.000000,-1.000000,0.000000,0.152950,0.988234,0.000000,0.000000,0.988234,-0.152950,-0.000000,0.000000,0.000000,0.000000,0.000120,1.000000]"	
									},
									{
										"id": 89,
										"text": "1011-01-00-02-403.PRT",
										"num": 1,
										"path": "/0/0/15/0/2",
										"order": "2",
										"matrix": "[0.000000,-1.000000,-0.000000,0.000000,0.000000,-0.000000,-1.000000,0.000000,1.000000,0.000000,-0.000000,0.000000,0.000000,0.000000,-0.000242,1.000000]"	
									}	
								]	
							},
							{
								"id": 90,
								"text": "GP00170.PRT",
								"num": 1,
								"path": "/0/0/15/1",
								"order": "1",
								"matrix": "[-0.000000,1.000000,0.000000,0.000000,0.097702,0.000000,-0.995216,0.000000,-0.995216,-0.000000,-0.097702,0.000000,0.015777,0.002055,0.007988,1.000000]"	
							},
							{
								"id": 91,
								"text": "GP00168_A.PRT",
								"num": 1,
								"path": "/0/0/15/2",
								"order": "2",
								"sub": [
								{
									"id": 92,
									"text": "GP00169.PRT",
									"num": 1,
									"path": "/0/0/15/2/0",
									"order": "0",
									"matrix": "[0.096431,0.160764,-0.982271,0.000000,-0.995216,-0.000000,-0.097702,0.000000,-0.015707,0.986993,0.159995,0.000000,0.016126,0.002055,0.008022,1.000000]"	
								}]	
							},
							{
								"id": 93,
								"text": "GP00166_C.PRT",
								"num": 1,
								"path": "/0/0/15/3",
								"order": "3",
								"sub": [
								{
									"id": 94,
									"text": "GP00167.PRT",
									"num": 1,
									"path": "/0/0/15/3/0",
									"order": "0",
									"matrix": "[0.089556,-0.399762,-0.912233,0.000000,0.995216,0.000000,0.097702,0.000000,-0.039058,-0.916619,0.397850,0.000000,0.016155,0.002100,0.008032,1.000000]"	
								}]	
							}	
						]	
					}	
				]	
			},
			{
				"id": 95,
				"text": "BRAKES_AND_WHEELS_TIRES.ASM",
				"num": 1,
				"path": "/0/1",
				"order": "1",
				"sub": 
				[
					{
						"id": 96,
						"text": "RF_WHEEL_TIRE",
						"num": 1,
						"path": "/0/1/0",
						"order": "0",
						"sub": 
						[
							{
								"id": 97,
								"text": "1011-07-00-03-000.ASM",
								"num": 1,
								"path": "/0/1/0/0",
								"order": "0",
								"sub": 
								[
									{
										"id": 98,
										"text": "GP00254.PRT",
										"num": 1,
										"path": "/0/1/0/0/0",
										"order": "0",
										"matrix": "[-0.093450,-0.061257,-0.993738,0.000000,0.995624,-0.005708,-0.093276,0.000000,0.000042,-0.998106,0.061522,0.000000,-0.000000,-0.007697,0.002207,1.000000]"	
									},
									{
										"id": 99,
										"text": "GP00256.PRT",
										"num": 1,
										"path": "/0/1/0/0/1",
										"order": "1",
										"matrix": "[0.000042,-0.998106,0.061522,0.000000,-0.995624,0.005708,0.093276,0.000000,-0.093450,-0.061257,-0.993738,0.000000,-0.000000,-0.007702,0.002208,1.000000]"	
									}	
								]	
							},
							{
								"id": 100,
								"text": "1011-07-00-01-000.ASM",
								"num": 1,
								"path": "/0/1/0/1",
								"order": "1",
								"matrix": "[0.000030,0.999364,-0.035653,0.000000,-0.390824,0.032829,0.919880,0.000000,0.920466,0.013906,0.390576,0.000000,0.025000,-0.008159,0.002247,1.000000]",
								"sub": 
								[
									{
										"id": 101,
										"text": "1011-07-00-00-005.PRT",
										"num": 1,
										"path": "/0/1/0/1/0",
										"order": "0",
										"matrix": "[1.000000,0.000000,-0.000000,0.000000,0.000000,1.000000,-0.000000,0.000000,0.000000,0.000000,1.000000,0.000000,0.000000,0.000000,0.000000,1.000000]"	
									},
									{
										"id": 102,
										"text": "1011-07-00-00-006.PRT",
										"num": 1,
										"path": "/0/1/0/1/1",
										"order": "1",
										"matrix": "[1.000000,0.000000,-0.000000,0.000000,-0.000000,0.663085,0.748544,0.000000,-0.000000,-0.748544,0.663085,0.000000,-0.000187,0.000000,0.000000,1.000000]"	
									},
									{
										"id": 103,
										"text": "1011-07-00-00-007.PRT",
										"num": 1,
										"path": "/0/1/0/1/2",
										"order": "2",
										"matrix": "[1.000000,0.000000,-0.000000,0.000000,0.000000,0.995133,-0.098543,0.000000,-0.000000,0.098543,0.995133,0.000000,-0.000017,-0.000000,0.000000,1.000000]"	
									},
									{
										"id": 104,
										"text": "BN829_22X1.PRT",
										"num": 1,
										"path": "/0/1/0/1/3",
										"order": "3",
										"matrix": "[-1.000000,0.000000,0.000000,0.000000,0.000000,0.258159,-0.966102,0.000000,-0.000000,-0.966102,-0.258159,0.000000,0.000092,0.000000,0.000000,1.000000]"	
									}	
								]	
							},
							{
								"id": 105,
								"text": "GP00307.PRT",
								"num": 1,
								"path": "/0/1/0/2",
								"order": "2",
								"matrix": "[0.995624,-0.005708,-0.093276,0.000000,-0.000042,0.998106,-0.061522,0.000000,0.093450,0.061257,0.993738,0.000000,-0.000000,-0.008665,0.002267,1.000000]"	
							}	
						]	
					},
					{
						"id": 106,
						"text": "RR_WHEEL_TIRE",
						"num": 1,
						"path": "/0/1/1",
						"order": "1",
						"sub": 
						[
							{
								"id": 107,
								"text": "1011-07-00-02-000.ASM",
								"num": 1,
								"path": "/0/1/1/0",
								"order": "0",
								"sub": 
								[
									{
										"id": 108,
										"text": "GP00255.PRT",
										"num": 1,
										"path": "/0/1/1/0/0",
										"order": "0",
										"matrix": "[0.500004,-0.030891,-0.865472,0.000000,0.866023,0.017800,0.499687,0.000000,-0.000030,-0.999364,0.035653,0.000000,0.025000,-0.007355,0.002218,1.000000]"	
									},
									{
										"id": 109,
										"text": "GP00257.PRT",
										"num": 1,
										"path": "/0/1/1/0/1",
										"order": "1",
										"matrix": "[-0.000030,0.999364,0.035653,0.000000,-0.756737,0.023284,-0.653304,0.000000,-0.653719,-0.027000,0.756256,0.000000,0.025000,0.007360,0.002218,1.000000]"	
									}	
								]	
							},
							{
								"id": 110,
								"text": "1011-07-00-01-000.ASM",
								"num": 1,
								"path": "/0/1/1/1",
								"order": "1",
								"matrix": "[0.000030,-0.999364,-0.035653,0.000000,-0.955472,-0.010549,0.294892,0.000000,-0.295081,0.034056,-0.954865,0.000000,0.025000,0.008159,0.002247,1.000000]",
								"sub": 
								[
									{
										"id": 111,
										"text": "1011-07-00-00-005.PRT",
										"num": 1,
										"path": "/0/1/1/1/0",
										"order": "0",
										"matrix": "[1.000000,0.000000,0.000000,0.000000,0.000000,1.000000,-0.000000,0.000000,0.000000,0.000000,1.000000,0.000000,0.000000,0.000000,0.000000,1.000000]"	
									},
									{
										"id": 112,
										"text": "1011-07-00-00-006.PRT",
										"num": 1,
										"path": "/0/1/1/1/1",
										"order": "1",
										"matrix": "[1.000000,0.000000,0.000000,0.000000,0.000000,0.663085,0.748544,0.000000,-0.000000,-0.748544,0.663085,0.000000,-0.000187,0.000000,0.000000,1.000000]"	
									},
									{
										"id": 113,
										"text": "1011-07-00-00-007.PRT",
										"num": 1,
										"path": "/0/1/1/1/2",
										"order": "2",
										"matrix": "[1.000000,0.000000,0.000000,0.000000,0.000000,0.995133,-0.098543,0.000000,0.000000,0.098543,0.995133,0.000000,-0.000017,0.000000,-0.000000,1.000000]"	
									},
									{
										"id": 114,
										"text": "BN829_22X1.PRT",
										"num": 1,
										"path": "/0/1/1/1/3",
										"order": "3",
										"matrix": "[-1.000000,-0.000000,0.000000,0.000000,0.000000,0.258159,-0.966102,0.000000,0.000000,-0.966102,-0.258159,0.000000,0.000092,0.000000,0.000000,1.000000]"	
									}	
								]	
							},
							{
								"id": 115,
								"text": "GP00307.PRT",
								"num": 1,
								"path": "/0/1/1/2",
								"order": "2",
								"matrix": "[0.259015,-0.059507,0.964038,0.000000,-0.000054,0.998099,0.061624,0.000000,-0.965873,-0.016013,0.258519,0.000000,-0.000000,0.008665,0.002268,1.000000]"	
							}	
						]	
					},
					{
						"id": 116,
						"text": "LF_WHEEL_TIRE",
						"num": 1,
						"path": "/0/1/2",
						"order": "2",
						"sub": 
						[
							{
								"id": 117,
								"text": "1011-07-00-03-000.ASM",
								"num": 1,
								"path": "/0/1/2/0",
								"order": "0",
								"sub": 
								[
									{
										"id": 118,
										"text": "GP00254.PRT",
										"num": 1,
										"path": "/0/1/2/0/0",
										"order": "0",
										"matrix": "[-0.258623,-0.059541,0.964142,0.000000,0.965978,-0.015885,0.258135,0.000000,-0.000054,0.998099,0.061624,0.000000,-0.000000,0.007697,0.002208,1.000000]"	
									},
									{
										"id": 119,
										"text": "GP00256.PRT",
										"num": 1,
										"path": "/0/1/2/0/1",
										"order": "1",
										"matrix": "[-0.000054,0.998099,0.061624,0.000000,-0.258623,-0.059541,0.964142,0.000000,0.965978,-0.015885,0.258135,0.000000,-0.000000,0.007702,0.002208,1.000000]"	
									}	
								]	
							},
							{
								"id": 120,
								"text": "1011-07-00-01-000.ASM",
								"num": 1,
								"path": "/0/1/2/1",
								"order": "1",
								"matrix": "[-0.000042,0.998106,-0.061522,0.000000,-0.886964,0.028376,0.460966,0.000000,0.461839,0.054587,0.885283,0.000000,-0.000000,-0.008356,0.002248,1.000000]",
								"sub": 
								[
									{
										"id": 121,
										"text": "1011-07-00-00-005.PRT",
										"num": 1,
										"path": "/0/1/2/1/0",
										"order": "0",
										"matrix": "[1.000000,0.000000,0.000000,0.000000,0.000000,1.000000,0.000000,0.000000,0.000000,-0.000000,1.000000,0.000000,0.000000,0.000000,0.000000,1.000000]"	
									},
									{
										"id": 122,
										"text": "1011-07-00-00-006.PRT",
										"num": 1,
										"path": "/0/1/2/1/1",
										"order": "1",
										"matrix": "[1.000000,0.000000,0.000000,0.000000,-0.000000,0.663085,0.748544,0.000000,-0.000000,-0.748544,0.663085,0.000000,-0.000187,-0.000000,0.000000,1.000000]"	
									},
									{
										"id": 123,
										"text": "1011-07-00-00-007.PRT",
										"num": 1,
										"path": "/0/1/2/1/2",
										"order": "2",
										"matrix": "[1.000000,0.000000,0.000000,0.000000,-0.000000,0.995133,-0.098543,0.000000,0.000000,0.098543,0.995133,0.000000,-0.000017,-0.000000,-0.000000,1.000000]"	
									},
									{
										"id": 124,
										"text": "BN829_22X1.PRT",
										"num": 1,
										"path": "/0/1/2/1/3",
										"order": "3",
										"matrix": "[-1.000000,0.000000,-0.000000,0.000000,-0.000000,0.258159,-0.966102,0.000000,0.000000,-0.966102,-0.258159,0.000000,0.000092,-0.000000,0.000000,1.000000]"	
									}	
								]	
							},
							{
								"id": 125,
								"text": "GP00307.PRT",
								"num": 1,
								"path": "/0/1/2/2",
								"order": "2",
								"matrix": "[-1.000000,0.000030,-0.000006,0.000000,-0.000030,-0.999364,0.035653,0.000000,-0.000004,0.035653,0.999364,0.000000,0.025000,-0.008449,0.002257,1.000000]"	
							}	
						]	
					},
					{
						"id": 126,
						"text": "LR_WHEEL_TIRE",
						"num": 1,
						"path": "/0/1/3",
						"order": "3",
						"sub": 
						[
							{
								"id": 127,
								"text": "1011-07-00-02-000.ASM",
								"num": 1,
								"path": "/0/1/3/0",
								"order": "0",
								"sub": 
								[
									{
										"id": 128,
										"text": "GP00255.PRT",
										"num": 1,
										"path": "/0/1/3/0/0",
										"order": "0",
										"matrix": "[-0.014011,0.035649,-0.999266,0.000000,-0.999902,-0.000530,0.014001,0.000000,-0.000030,0.999364,0.035653,0.000000,0.025000,0.007355,0.002218,1.000000]"	
									},
									{
										"id": 129,
										"text": "GP00257.PRT",
										"num": 1,
										"path": "/0/1/3/0/1",
										"order": "1",
										"matrix": "[-0.000030,-0.999364,0.035653,0.000000,0.949866,0.011119,0.312461,0.000000,-0.312659,0.033875,0.949261,0.000000,0.025000,-0.007360,0.002218,1.000000]"	
									}	
								]	
							},
							{
								"id": 130,
								"text": "1011-07-00-01-000.ASM",
								"num": 1,
								"path": "/0/1/3/1",
								"order": "1",
								"matrix": "[0.000054,-0.998099,-0.061624,0.000000,-0.943202,-0.020523,0.331585,0.000000,-0.332220,0.058106,-0.941410,0.000000,-0.000000,0.008355,0.002249,1.000000]",
								"sub": 
								[
									{
										"id": 131,
										"text": "1011-07-00-00-005.PRT",
										"num": 1,
										"path": "/0/1/3/1/0",
										"order": "0",
										"matrix": "[1.000000,0.000000,0.000000,0.000000,0.000000,1.000000,-0.000000,0.000000,0.000000,0.000000,1.000000,0.000000,0.000000,0.000000,0.000000,1.000000]"	
									},
									{
										"id": 132,
										"text": "1011-07-00-00-006.PRT",
										"num": 1,
										"path": "/0/1/3/1/1",
										"order": "1",
										"matrix": "[1.000000,0.000000,0.000000,0.000000,0.000000,0.663085,0.748544,0.000000,0.000000,-0.748544,0.663085,0.000000,-0.000187,-0.000000,0.000000,1.000000]"	
									},
									{
										"id": 133,
										"text": "1011-07-00-00-007.PRT",
										"num": 1,
										"path": "/0/1/3/1/2",
										"order": "2",
										"matrix": "[1.000000,0.000000,0.000000,0.000000,0.000000,0.995133,-0.098543,0.000000,-0.000000,0.098543,0.995133,0.000000,-0.000017,-0.000000,-0.000000,1.000000]"	
									},
									{
										"id": 134,
										"text": "BN829_22X1.PRT",
